[Position, Innings, Ground, Opposition]

West Indies: 1
Sri Lanka: 2   (No WC Match, so no need)
South Africa: 2
Pakistan: 3
New Zealand: 4 (No WC match, so not needed)
England: 4 (No WC match, so not needed)
Bangladesh: 4
Australia: 5
Afghanistan: 6
Zimbabwe: 7




[ 
[ [2, 2, 6, 1],[5.744] ],
[ [2, 2, 6, 1],[3.18] ],
[ [2, 2, 6.5, 1],[1.3064] ],
[ [1, 1, 6, 1],[2.352] ],
[ [2, 2, 5, 1],[9.9328] ],
[ [2, 1, 6.5, 1],[5.06] ],
[ [2, 1, 6, 1],[7.7244] ],
[ [2, 2, 5, 1],[3.6332] ],
[ [2, 1, 5, 1],[5.8836] ],
[ [2, 2, 6.5, 1],[12.1504] ],
[ [2, 2, 7, 1],[7.0364] ],
[ [2, 1, 4.5, 1],[0.5044] ],
[ [2, 1, 8, 1],[6.1] ],
[ [2, 1, 6, 2],[11.6908] ],
[ [2, 2, 6.5, 2],[4.412] ],
[ [2, 2, 6.5, 2],[0] ],
[ [2, 2, 5.5, 3],[7.5628] ],
[ [2, 1, 7, 3],[3.6768] ],
[ [2, 2, 6.5, 4],[4.2251] ],
[ [1, 2, 5, 5],[0] ],
[ [1, 2, 6, 5],[2.2864] ],
[ [2, 2, 6.5, 5],[10.1184] ],
[ [1, 1, 7, 5],[5.8132] ],
[ [2, 2, 5, 5],[5.5064] ],
[ [2, 2, 6, 5],[9.9212] ],
[ [2, 1, 6.5, 5],[7.8104] ],
[ [2, 1, 5, 5],[2.12] ],
[ [2, 1, 5.5, 5],[2.9412] ],
[ [2, 2, 6, 6],[6.6768] ],
[ [2, 2, 6, 7],[4.258] ],
[ [2, 1, 6, 7],[10.6132] ],
[ [2, 2, 6.5, 7],[6.4748] ],
[ [2, 2, 6, 7],[6.7756] ],
]





World Cup matches: 
[
[ [2, 2, 8, 1],[3.1112] ]
[ [2, 1, 7, 2],[11.9732] ],
[ [2, 1, 6, 3],[8.222] ],
[ [2, 1, 6, 4],[4.2] ],
[ [2, 2, 6.5, 5],[7.09] ],
[ [2, 2, 5, 7],[1.04] ],
]


