[ 
[ [7, 1, 6.5],[3.11] ],
[ [3, 1, 7.5],[13.6] ],
[ [3, 2, 6],[6.34] ],
[ [3, 1, 5],[5.75] ],
[ [3, 1, 6.5],[3.41] ],
[ [3, 2, 5],[3.96] ],
[ [4, 1, 7.5],[9.21] ],
[ [7, 2, 6],[10.5] ],
[ [7, 2, 6],[1.72] ],
[ [4, 2, 7],[10.1] ],
[ [7, 1, 6.5],[1.38] ],
[ [3, 1, 6.5],[6.81] ],
[ [4, 2, 5.5],[7.05] ],
[ [6, 1, 6],[1.84] ],
[ [5, 1, 6.5],[6.7] ],
[ [7, 2, 7],[6.7] ],
[ [6, 1, 5],[4.4] ],
[ [7, 2, 5],[5.61] ],
[ [5, 2, 7],[8.17] ],
[ [5, 1, 7],[7.72] ],
[ [5, 2, 7],[1.51] ],
[ [4, 2, 5],[6.51] ],
[ [6, 1, 6],[3.88] ],
[ [6, 2, 5],[16.2] ],
[ [7, 1, 6.5],[10.3] ],
[ [6, 2, 7],[5.66] ],
[ [6, 1, 5],[4.77] ],
]
